100
BFS: 2
35 22 
DFS: 2
15 18 46 -28 -1 
BFS: 1
13 37 16 
BFS: 2
21 10 
BFS: 3
10 -1 -19 
DFS: 2
-39 -25 -26 
DFS: 1
-11 17 47 
DFS: 2
-17 49 -32 
BFS: 5
-50 45 21 -11 -17 -18 -13 -5 7 
BFS: 5
21 -26 36 -42 1 4 
BFS: 9
20 -17 13 -21 49 8 44 2 -37 -15 -4 7 
BFS: 1
-47 44 
BFS: 5
33 -39 -25 9 12 -48 28 36 -43 44 
BFS: 1
-11 
DFS: 7
22 11 8 34 -42 -38 -31 
DFS: 16
9 21 2 -16 -28 -29 -30 42 -17 30 -11 24 -41 -22 47 50 43 
BFS: 7
16 29 31 48 -29 41 12 32 
BFS: 5
-16 -49 1 30 42 19 27 -11 -12 47 -15 -31 -28 17 -41 40 -19 
DFS: 5
34 28 20 24 -8 50 38 
DFS: 9
12 -18 1 -2 13 42 -4 -46 11 -19 48 19 2 38 -30 18 -9 29 47 
BFS: 17
23 -47 13 50 37 -9 29 14 33 -49 -29 22 -26 -41 25 1 -25 3 27 -50 2 -20 46 43 -18 39 20 
DFS: 6
29 -10 -40 14 30 -20 -31 12 17 48 -8 -42 -18 7 -23 -28 -49 -12 39 2 24 -7 -48 
DFS: 1
17 -28 -7 
BFS: 8
-2 -25 -44 25 36 46 -47 35 -7 19 43 -46 11 3 31 34 -30 -35 -16 -28 -15 -24 -22 
BFS: 24
29 -31 -5 -42 -37 1 -50 36 18 -32 -3 32 -47 -34 30 -11 -28 -45 -24 15 20 -29 42 16 -36 -44 -4 -18 -15 17 
BFS: 19
-36 27 5 -47 -49 -12 21 32 -9 15 -38 -45 17 -28 9 -10 31 -2 13 -25 -5 -18 28 33 
DFS: 1
49 -5 6 -19 -20 -3 30 -49 -43 31 -32 40 -35 21 -28 19 -6 10 -34 43 -37 
DFS: 16
48 1 -4 -8 -28 -3 22 47 -26 2 5 9 -25 50 -22 -45 -36 26 
BFS: 5
11 -18 -30 -50 -48 -42 -9 2 27 -15 -28 48 28 42 
BFS: 3
-17 -22 -34 -45 -41 -29 -37 -24 -11 9 19 
BFS: 4
-37 30 -16 -8 50 -6 -18 20 -35 -42 33 -40 -27 23 3 -43 -29 2 -36 32 -22 -26 -17 44 9 -46 
BFS: 18
35 -19 50 24 -38 22 -12 -16 -36 -28 3 -50 -20 45 -47 2 29 -9 -14 31 -25 -26 17 -2 -6 -43 46 27 40 42 -5 28 43 21 -46 33 14 39 
BFS: 2
-16 16 -49 -37 
DFS: 37
-45 -26 -33 -44 15 -37 26 -47 -30 -42 -14 -38 10 -13 -8 3 37 -40 -25 -3 -9 -17 21 19 44 42 -39 32 41 40 45 -6 -16 -1 -10 39 -46 -5 
DFS: 4
32 9 -48 -30 18 -28 -21 -40 -49 -27 -31 -3 -34 26 
BFS: 1
44 -40 -32 5 19 -36 -24 9 27 23 -42 -29 22 -49 24 26 1 -6 -26 48 21 -41 
BFS: 10
22 -28 5 -15 11 -34 -2 -9 -29 17 24 42 
DFS: 5
-16 42 -11 46 -8 -24 -49 -46 14 -17 12 -27 17 26 -3 -18 23 32 -20 -36 11 -29 -10 -48 -12 -42 -47 -1 21 -19 36 48 -33 
BFS: 14
5 19 -4 11 -47 -6 17 0 26 -50 -5 -27 -25 -39 
DFS: 1
-11 0 -10 -29 2 -33 10 -6 40 -44 -34 -12 -47 -9 -7 6 -24 -26 -50 -41 -14 -37 
BFS: 11
16 -18 -22 23 44 2 -39 -15 -3 -41 37 -13 7 -35 
DFS: 4
-44 -7 -27 -20 34 -11 38 19 -45 -16 31 43 36 -48 27 -40 -22 47 18 -36 -38 
BFS: 6
-15 23 -20 -48 -7 -39 -9 8 32 -44 34 21 -34 -32 17 50 42 28 7 -43 19 6 26 -37 43 -24 -12 -29 46 38 10 -33 4 45 -50 37 -14 33 -19 -26 12 -36 -11 -28 -49 41 3 -41 25 -17 
DFS: 15
-30 0 15 31 42 -36 -5 46 -16 -44 36 1 -46 -31 20 41 
BFS: 2
20 -7 -35 -3 
BFS: 6
-9 41 -39 22 -43 42 -38 -34 1 -37 36 -10 0 -7 
DFS: 31
-49 20 -32 21 49 -1 5 44 28 -10 9 -30 46 -16 -44 -22 35 -8 12 13 -18 47 30 -3 0 23 -21 -50 -31 41 34 8 -17 -46 18 -38 -12 -41 -37 -15 
BFS: 35
-21 48 -30 45 27 -14 13 -9 -8 -5 31 -10 3 10 -45 5 -41 -37 -16 -44 2 -22 -15 -17 -29 17 7 11 4 0 -31 25 23 -3 33 
DFS: 4
-37 -35 37 -20 -28 -11 -1 -8 2 33 50 -43 17 -23 12 -3 26 -46 
DFS: 2
28 5 -46 
DFS: 29
-8 9 -3 -24 42 17 -1 -48 -23 26 -6 -27 19 33 50 14 45 13 -4 -33 27 31 -34 30 28 -40 -31 -45 8 12 35 -46 37 39 20 -12 -47 -15 -42 -13 5 6 -44 44 21 -5 -20 23 -35 -43 
DFS: 3
-36 1 41 -45 8 2 -23 28 -18 18 48 -37 -11 21 35 -10 -14 -33 -22 30 29 26 3 40 -24 23 -43 11 -25 -47 -4 47 14 -29 -28 20 42 49 -48 -8 25 6 16 -40 36 31 22 5 -35 12 
BFS: 40
-37 29 41 -35 48 38 46 36 -17 -16 39 -28 -14 -40 18 6 -11 50 34 5 26 -24 -50 -15 -19 14 24 -42 -22 -31 20 43 -46 -9 -10 -8 -43 16 1 -34 -47 45 2 47 -29 22 32 -3 7 -48 
DFS: 28
46 4 16 -42 17 22 40 3 -7 23 45 27 -1 37 -9 36 -35 5 -33 0 18 -37 -48 13 -50 32 48 -46 -20 -21 -47 14 -30 -13 -28 33 -39 -22 10 -6 11 24 28 -44 12 1 -15 -36 42 -12 
DFS: 8
46 41 -36 -11 48 32 -48 29 13 30 -34 21 -10 -38 25 44 17 -12 0 -30 15 -46 5 11 -24 -35 -28 18 -14 -6 -19 20 -27 -50 -47 -1 -2 4 -44 -8 -22 26 -25 8 2 34 -37 19 -31 -20 
DFS: 50
-25 -19 -36 27 -15 -45 -18 -49 28 47 -7 -48 8 -39 23 6 49 41 -10 -50 -40 -46 50 -32 35 -30 26 16 12 7 29 11 10 -9 -13 13 -37 48 38 -34 -5 -21 5 0 46 42 21 -47 -28 -43 
BFS: 14
-48 50 34 -32 -18 23 14 -5 28 -28 36 8 -4 -22 -31 -44 10 30 -35 15 -38 44 -46 35 40 17 45 -33 -6 -1 -34 -23 47 33 -9 41 -43 -37 -30 6 5 37 -19 27 -3 13 31 -15 -50 -36 
DFS: 50
-16 44 -43 -39 47 24 -13 15 -5 12 19 33 -12 35 -11 46 50 39 -6 36 -22 -24 -26 -32 -27 28 -40 -46 45 -7 16 2 -18 29 43 18 13 -17 -10 -45 31 -36 32 34 5 -30 -34 -15 40 -49 
DFS: 22
42 -14 45 -16 17 44 -33 34 38 4 -39 32 -12 -15 48 39 20 -50 16 -19 -29 19 29 6 -45 -22 -10 11 -42 46 10 -11 -35 9 24 -9 5 1 -46 41 43 -48 -38 14 30 -41 -18 7 15 -25 
BFS: 22
-37 40 6 -13 -5 14 7 1 5 12 4 -20 -23 -48 23 -49 -50 47 -21 -26 37 -36 9 -1 10 19 -35 -41 45 -15 -38 20 -19 43 -46 33 42 -7 -12 16 -44 -32 2 0 -22 -14 29 13 32 31 
BFS: 6
37 13 -18 -37 10 26 -8 -39 -44 1 42 -47 12 -2 28 -21 22 -10 -1 19 -7 -41 48 -45 41 7 -6 -25 -35 -5 -32 46 -46 14 -33 47 20 32 17 -3 39 -16 -49 -20 2 -48 -15 -29 -13 -9 
BFS: 37
8 -16 0 14 -30 29 5 41 -14 -43 -41 6 -40 -3 36 -15 -44 42 -28 -25 16 -26 -24 20 -38 -29 50 28 11 -31 10 34 22 -45 -6 9 -12 40 25 7 38 23 19 -19 13 -23 -13 -48 -1 -5 
BFS: 19
41 44 -46 31 38 7 19 32 14 12 22 -22 -42 43 13 -50 5 8 49 -15 15 50 45 -8 27 46 -29 -5 20 11 48 33 -32 26 9 -48 -17 -12 29 1 -34 10 -33 -4 17 -38 -21 23 35 -43 
DFS: 22
-27 6 8 -2 28 -28 19 7 -11 29 25 36 -6 -38 26 -47 3 16 32 18 -18 39 34 -32 -21 -16 -19 -14 5 -23 -4 -43 -15 -35 43 -34 41 -26 -7 20 -40 13 1 48 50 -30 38 37 12 -39 
BFS: 7
-20 -1 -37 -24 41 26 24 48 13 38 10 2 -22 36 43 -21 35 34 -45 -25 -7 20 11 28 30 -41 15 -43 -11 -6 -8 -12 4 -31 -19 44 37 18 -4 7 -34 45 40 23 -18 -46 -49 42 -33 17 
DFS: 50
-47 -45 -49 30 25 -19 -10 3 8 -48 13 37 -39 0 24 2 20 35 -44 49 -35 -15 -22 -1 47 -17 -25 -6 -32 -3 -21 6 19 29 -43 -4 -27 45 26 -12 -13 10 -2 17 33 7 40 -37 27 39 
DFS: 34
26 -29 50 43 32 14 -16 44 -19 38 41 27 -18 -3 -12 -32 31 20 -50 -30 -9 -13 -33 -7 49 29 -46 16 24 -49 9 -26 -41 6 45 1 5 15 -40 23 -38 4 47 2 7 34 39 -22 48 -14 
DFS: 20
8 49 -14 -31 27 9 0 -15 33 35 37 -47 13 -34 -19 -33 -48 -12 -23 -22 -21 25 2 10 -36 29 -20 -11 15 -3 -46 46 34 -13 48 6 -16 -18 19 30 -26 45 -10 7 44 -28 -30 39 38 31 
BFS: 11
6 45 -17 32 -25 26 -36 29 31 -2 3 4 19 49 46 48 -26 -7 39 21 -23 11 -28 41 5 -4 -35 33 -22 25 -16 36 -48 -47 24 13 15 37 14 16 34 -8 50 -3 -5 -27 18 -6 27 38 
BFS: 18
-32 14 37 46 -11 24 10 20 7 -44 15 48 35 39 -42 18 40 -7 -9 -48 2 25 -31 -39 -15 -23 -22 -43 33 -37 11 30 -12 29 -28 -5 31 -18 -33 45 -25 -13 49 -47 16 -8 6 -27 -20 28 
BFS: 12
-40 -37 22 20 -16 45 -15 14 -8 21 -41 46 -28 31 -14 28 -31 -46 -17 41 -4 -47 -44 -45 -11 4 -18 9 -26 30 48 -9 -25 13 -5 35 6 -21 -36 25 43 -20 -3 -42 -6 50 38 -7 -1 -2 
BFS: 2
-32 -19 24 -42 39 45 -39 -26 -49 -43 -35 11 -16 -38 -10 31 22 48 -24 -9 29 19 1 23 -4 -6 8 40 27 -50 -44 35 9 0 -13 7 13 -20 30 36 33 -36 26 5 46 14 50 -22 32 -46 
BFS: 28
-40 -32 -35 5 11 13 -23 -39 -43 -17 -11 16 -42 -1 42 -50 -44 -4 20 -12 -36 -18 27 -19 -48 -27 -31 -21 1 19 -13 6 -37 -3 15 -15 38 39 12 -14 8 -26 -24 33 -6 28 29 24 10 50 
BFS: 22
-32 12 -37 -47 -36 -43 -3 43 2 -17 19 -9 -38 -41 35 44 -31 -7 -49 -25 26 32 14 -28 3 4 9 40 0 45 -44 -16 42 -19 5 -33 47 27 -40 22 -2 48 -6 -13 34 -35 10 -11 -30 18 
BFS: 2
-27 24 15 -36 26 -21 50 20 -40 -47 -38 27 18 -14 28 -19 3 37 16 -1 1 47 23 -30 19 -18 -43 10 -44 -42 -24 -12 -17 32 8 -26 -8 6 40 -50 34 -16 -4 -37 0 17 -20 -9 41 -22 
BFS: 49
23 -4 -39 39 -5 -42 2 -27 1 3 -41 -50 -46 28 -26 -35 -23 5 32 -45 -12 -34 26 -3 36 30 22 9 -29 48 10 -33 11 0 -31 35 50 -40 12 19 47 -15 24 34 -8 -13 -16 6 15 7 
BFS: 20
24 9 -26 20 -44 27 -24 -4 -30 -40 -50 -9 7 -3 -18 -35 16 14 12 -2 -29 -34 -19 -23 26 15 30 11 -10 22 42 -15 2 8 23 41 45 19 -32 -43 -13 -16 -47 18 -33 5 48 -27 0 10 
BFS: 31
-30 -33 -11 29 45 30 -23 28 1 9 -8 -17 -15 -47 40 -44 -1 15 -34 -18 -29 38 48 -37 -22 -2 -9 -7 -14 -10 27 7 -3 -16 42 3 -50 -35 -43 -5 -28 41 -13 0 -45 19 17 -12 35 37 
BFS: 13
0 -49 4 -43 -18 23 -15 -5 38 18 -25 5 -29 -20 14 -46 -36 -2 29 -8 -16 37 44 -7 35 -40 11 -41 24 -24 17 20 45 -1 26 -14 6 -13 -47 -26 -27 7 19 10 32 8 -4 46 2 -28 
BFS: 32
24 -47 -8 14 -31 18 -24 -23 20 -6 -42 37 -11 30 -37 -12 3 11 39 26 44 -34 28 -46 32 -33 1 -27 35 -48 19 -5 49 2 -38 -36 -18 -40 16 -10 29 33 -45 -4 12 -43 -1 -26 31 41 
DFS: 16
0 -28 -15 -43 14 21 47 -37 -21 12 11 -49 6 -39 25 48 28 -23 -45 -44 -13 -3 -50 -10 -27 -47 17 19 -22 -18 36 10 -46 37 -6 7 -7 41 4 -2 32 -11 5 40 -34 -14 33 -19 27 -5 
DFS: 44
3 41 0 37 -23 -26 -25 45 -16 10 7 19 -2 -5 -50 4 46 -36 15 44 35 -20 34 -15 17 11 22 6 33 -22 -17 -49 -29 -46 -41 -10 -28 23 -34 -3 30 -8 38 -14 13 -13 24 20 -12 5 
DFS: 29
32 -42 2 -31 49 38 -22 -15 42 -38 -17 -4 25 -36 7 28 27 19 26 -40 34 -27 48 35 31 30 -30 -1 21 46 41 43 -16 8 -41 20 18 45 -19 -8 23 9 -32 -7 17 -9 -49 -46 -34 -26 
BFS: 38
31 -8 -28 16 33 -1 40 -38 -33 -15 -32 -48 -13 48 -30 -7 -3 -12 5 -36 50 44 37 11 41 -26 6 -43 36 -31 -27 -49 46 -16 1 24 28 -20 -41 -40 45 26 -4 -11 30 -45 0 19 -29 10 
DFS: 28
24 -30 -11 -21 20 27 30 32 46 35 21 -46 -35 -36 -4 31 -44 -19 38 -7 -41 37 -16 -12 -28 50 17 -29 -6 -50 10 -26 8 -43 -34 2 -17 34 -2 48 39 -5 5 -31 16 19 49 15 41 22 
BFS: 22
-11 -16 26 31 16 0 -48 -5 33 41 50 2 7 21 -21 13 -29 -24 -18 34 -27 -45 47 49 -12 15 46 6 -36 -19 -22 28 -43 -20 -4 25 44 19 -47 12 -25 18 30 23 22 -1 -49 -17 -13 14 
DFS: 20
38 -18 8 -6 -16 4 -11 -29 22 48 -42 7 41 -37 -45 -20 43 10 -47 2 30 37 17 16 40 -50 -19 -26 18 -39 21 -49 6 32 26 -30 5 50 20 34 -14 -1 -10 44 1 45 -35 -36 19 28 
BFS: 14
-50 17 48 15 18 14 24 13 39 -3 -40 -9 43 -16 31 -10 21 -43 47 -42 -33 -29 -13 -35 -24 8 -19 36 -36 46 -45 5 30 33 28 -17 26 -15 37 10 -12 2 -47 -27 -32 20 -11 -14 -21 -38 
DFS: 25
13 7 -30 43 16 -19 -50 -5 -13 -26 39 12 -38 -31 -15 -20 15 2 45 -9 -4 34 -1 -36 -43 -17 21 48 -27 33 -41 19 -18 -23 10 -7 -47 32 -2 41 1 -6 -12 -48 49 -24 9 35 50 4 
BFS: 37
-35 -8 -49 -13 3 38 -21 -40 -22 41 17 -1 8 43 -44 -50 -18 -2 -9 -23 -39 32 6 -30 -17 35 29 22 -6 48 -10 33 -29 31 -38 49 30 20 46 -43 14 -46 -26 -11 9 28 24 39 27 0 
BFS: 32
38 21 -28 1 11 27 -24 34 17 43 -12 -25 -16 -40 4 -47 30 -44 18 9 29 -5 2 3 -29 33 -6 19 -1 -41 -10 26 -20 49 -36 -8 10 45 -13 5 20 -11 35 37 -21 39 -42 -3 12 22 
BFS: 35
14 -29 -6 -5 9 30 44 49 -1 -22 -18 -19 48 16 -33 47 -26 46 -4 41 34 -21 8 45 37 -28 36 15 25 5 0 -48 -45 -35 -2 -39 28 21 -11 29 -50 -14 -44 -17 -13 -27 -7 -41 -46 -10 
BFS: 41
34 -47 44 28 38 -25 -18 22 5 37 35 -12 -8 21 39 -2 30 33 -32 -48 -34 -21 2 -22 -42 40 13 31 -40 24 46 15 -20 27 -14 10 12 -39 -50 -4 43 -3 -36 -44 -30 -24 -10 8 48 -15 
DFS: 32
-23 13 -29 15 10 19 42 32 45 39 43 2 -4 -14 29 -39 30 27 -34 23 0 11 -33 35 28 26 17 21 33 44 -32 41 31 -43 -31 14 47 49 3 38 -19 50 -13 -37 -1 -25 -16 6 -21 -47 
DFS: 15
49 0 -21 -44 -22 22 45 31 -13 48 27 -30 25 30 23 -19 12 -15 -29 1 -43 29 15 -26 -10 -36 8 13 40 28 11 -39 43 -8 -4 41 -27 47 33 37 -2 42 -33 2 -14 -25 -50 -6 -16 -41 
DFS: 36
-41 -14 39 50 2 -46 -40 40 13 36 21 -9 16 45 29 25 19 -8 35 -45 -16 -44 -7 34 3 -34 12 -33 -4 17 -31 28 43 42 -42 -21 48 -12 -17 -11 24 8 -38 22 20 -30 4 49 14 -24 
BFS: 13
-10 28 15 -13 -6 -44 -34 19 21 -38 -28 16 -23 48 38 7 35 -25 -47 18 23 -49 24 -14 32 -3 -15 -9 -24 10 -27 -42 49 -39 -35 9 50 -16 22 -29 -41 13 -19 -4 4 33 25 2 -11 37 
DFS: 6
7 -45 -30 -49 -23 10 0 -1 -19 3 46 -12 -18 -27 18 31 -3 -32 36 34 -6 9 -35 5 37 49 -11 40 8 41 30 -38 -39 -42 -33 -36 -14 1 47 -46 -21 2 45 -16 -44 43 42 -26 33 50 
DFS: 33
24 38 34 -46 -48 -33 16 -34 23 3 11 42 -12 -50 -1 -29 6 -39 9 29 20 -43 26 -38 -25 -18 7 43 -32 15 -7 2 -47 33 35 -41 -49 8 44 39 12 45 -26 18 -35 -40 10 -14 32 -28 
DFS: 29
14 -38 -45 -42 36 16 -2 -46 -16 3 45 -31 32 -1 -28 46 -17 6 -15 41 2 22 19 1 24 40 -21 -36 -44 29 -5 39 -14 18 -23 -6 17 15 48 49 0 -4 -49 38 -30 27 -40 -41 42 33 
